	TrackID		01	Timepoint		8	Perimeter		571.2534684876188
	X-coordinates	Y-coordinates	Curvature	SignedCurvature	 	 Intensity
	136.0		28.0		0.013		-0.013		9949.5		
	137.0		29.0		0.013		-0.013		9321.4		
	138.0		28.0		0.013		-0.013		10219.0		
	139.0		28.0		0.013		-0.013		10247.6		
	140.0		28.0		0.013		-0.013		10220.1		
	141.0		28.0		0.013		-0.013		10191.5		
	142.0		28.0		0.013		-0.013		10193.7		
	143.0		28.0		0.013		-0.013		10191.5		
	144.0		28.0		0.013		-0.013		10129.9		
	145.0		28.0		0.013		-0.013		9995.7		
	146.0		28.0		0.013		-0.013		9814.2		
	147.0		28.0		0.013		-0.013		9612.9		
	148.0		28.0		0.013		-0.013		9397.3		
	149.0		28.0		0.013		-0.013		9183.9		
	150.0		28.0		0.013		-0.013		9013.4		
	151.0		28.0		0.013		-0.013		8928.7		
	152.0		28.0		0.013		-0.013		8950.7		
	153.0		28.0		0.013		-0.013		9078.3		
	154.0		29.0		0.013		-0.013		8622.9		
	155.0		29.0		0.013		-0.013		8966.1		
	156.0		28.0		0.013		-0.013		10173.375		
	157.0		28.0		0.013		-0.013		10224.5		
	158.0		29.0		0.013		-0.013		9904.4		
	159.0		28.0		0.013		-0.013		10506.1		
	160.0		29.0		0.013		-0.013		10322.4		
	161.0		29.0		0.013		-0.013		10626.0		
	162.0		29.0		0.013		-0.013		10987.9		
	163.0		29.0		0.013		-0.013		11354.2		
	164.0		29.0		0.013		-0.013		11673.2		
	165.0		29.0		0.013		-0.013		11909.7		
	166.0		29.0		0.013		-0.013		12031.8		
	167.0		30.0		0.013		-0.013		11916.3		
	168.0		30.0		0.013		-0.013		12198.888888888889		
	169.0		30.0		0.013		-0.013		12073.6		
	170.0		30.0		0.013		-0.013		11948.2		
	171.0		31.0		0.013		-0.013		12076.9		
	172.0		31.0		0.013		-0.013		12288.1		
	173.0		31.0		0.013		-0.013		12467.4		
	174.0		32.0		0.013		-0.013		13041.6		
	175.0		32.0		0.013		-0.013		13059.2		
	176.0		33.0		0.013		-0.013		13073.5		
	177.0		33.0		0.013		-0.013		12756.7		
	178.0		34.0		0.013		-0.013		12728.1		
	179.0		34.0		0.013		-0.013		12552.1		
	180.0		35.0		0.013		-0.013		12885.4		
	181.0		35.0		0.013		-0.013		12866.7		
	182.0		36.0		0.013		-0.013		13495.9		
	183.0		36.0		0.013		-0.013		13642.2		
	184.0		37.0		0.013		-0.013		14252.7		
	185.0		37.0		0.013		-0.013		13986.5		
	186.0		38.0		0.013		-0.013		13901.8		
	187.0		39.0		0.013		-0.013		13761.0		
	188.0		40.0		0.013		-0.013		13975.5		
	189.0		40.0		0.013		-0.013		13904.0		
	190.0		41.0		0.013		-0.013		14056.9		
	191.0		42.0		0.013		-0.013		13758.8		
	192.0		43.0		0.013		-0.013		13459.6		
	193.0		43.0		0.013		-0.013		13131.8		
	194.0		44.0		0.013		-0.013		13220.9		
	195.0		45.0		0.013		-0.013		13208.8		
	196.0		46.0		0.013		-0.013		13218.7		
	197.0		47.0		0.013		-0.013		13218.7		
	198.0		48.0		0.013		-0.013		13004.2		
	199.0		49.0		0.013		-0.013		12606.0		
	200.0		50.0		0.013		-0.013		12247.4		
	201.0		51.0		0.013		-0.013		12027.4		
	202.0		52.0		0.013		-0.013		12144.375		
	203.0		53.0		0.013		-0.013		11866.666666666666		
	204.0		54.0		0.013		-0.013		11808.888888888889		
	205.0		55.0		0.013		-0.013		11827.777777777777		
	206.0		55.0		0.013		-0.013		11905.555555555555		
	206.0		56.0		0.013		-0.013		11855.555555555555		
	207.0		57.0		0.013		-0.013		11812.222222222223		
	208.0		58.0		0.013		-0.013		11648.888888888889		
	209.0		59.0		0.013		-0.013		11402.222222222223		
	210.0		60.0		0.013		-0.013		11288.888888888889		
	211.0		61.0		0.013		-0.013		11470.0		
	212.0		62.0		0.013		-0.013		11880.0		
	212.0		63.0		0.013		-0.013		12063.333333333334		
	213.0		64.0		0.013		-0.013		12872.25		
	214.0		65.0		0.013		-0.008		13031.7		
	215.0		66.0		0.013		-0.008		13088.9		
	216.0		67.0		0.013		-0.008		12799.6		
	216.0		68.0		0.013		-0.008		12865.6		
	217.0		69.0		0.013		-0.008		12672.0		
	217.0		70.0		0.013		-0.008		12686.3		
	218.0		71.0		0.013		-0.008		12520.2		
	218.0		72.0		0.013		-0.008		12435.5		
	219.0		73.0		0.013		-0.008		12328.8		
	220.0		74.0		0.013		-0.008		12172.6		
	220.0		75.0		0.013		-0.008		12695.1		
	220.0		76.0		0.013		-0.008		13093.3		
	221.0		77.0		0.013		-0.008		13613.6		
	221.0		78.0		0.013		-0.008		13780.8		
	222.0		79.0		0.013		-0.008		13641.1		
	222.0		80.0		0.013		-0.008		13330.9		
	223.0		81.0		0.013		-0.008		12823.8		
	223.0		82.0		0.013		-0.008		12805.1		
	224.0		83.0		0.013		-0.008		12729.2		
	224.0		84.0		0.013		-0.008		13382.6		
	224.0		85.0		0.013		-0.007		14329.125		
	225.0		86.0		0.012		-0.004		14422.1		
	225.0		87.0		0.012		-0.004		14820.3		
	225.0		88.0		0.012		-0.004		14769.7		
	226.0		89.0		0.012		-0.004		14179.0		
	226.0		90.0		0.012		-0.004		13866.6		
	226.0		91.0		0.012		-0.004		13490.4		
	227.0		92.0		0.012		-0.004		13187.9		
	227.0		93.0		0.012		-0.004		13464.0		
	227.0		94.0		0.012		-0.004		13858.9		
	227.0		95.0		0.012		-0.004		14262.6		
	227.0		96.0		0.012		-0.004		14559.6		
	228.0		97.0		0.012		-0.003		15121.111111111111		
	228.0		98.0		0.012		-0.002		15045.8		
	228.0		99.0		0.012		-0.002		14810.4		
	229.0		100.0		0.012		-0.002		14017.3		
	228.0		101.0		0.012		-0.002		13702.7		
	229.0		102.0		0.012		-0.002		13055.9		
	228.0		103.0		0.012		-0.002		12811.7		
	229.0		104.0		0.012		-0.002		12647.8		
	229.0		105.0		0.012		-0.002		12643.4		
	229.0		106.0		0.012		-0.002		12753.4		
	230.0		107.0		0.012		-0.002		12267.2		
	230.0		108.0		0.012		-0.002		12658.8		
	229.0		109.0		0.012		-0.002		13555.3		
	229.0		111.0		0.012		0.003		13795.1		
	230.0		112.0		0.012		0.003		13432.1		
	229.0		113.0		0.012		0.003		13821.5		
	230.0		114.0		0.012		0.003		13525.6		
	230.0		115.0		0.012		0.003		13590.5		
	229.0		116.0		0.012		0.003		13960.1		
	229.0		117.0		0.012		0.003		14027.2		
	229.0		118.0		0.012		0.003		14089.9		
	229.0		119.0		0.012		0.003		14177.9		
	229.0		120.0		0.012		0.003		14292.3		
	229.0		121.0		0.012		0.003		14379.2		
	229.0		122.0		0.012		0.003		14379.2		
	229.0		123.0		0.012		0.003		14280.2		
	228.0		124.0		0.012		0.003		14345.1		
	229.0		125.0		0.012		0.003		13977.7		
	228.0		126.0		0.012		0.003		14293.4		
	229.0		127.0		0.012		0.003		13827.0		
	228.0		128.0		0.012		0.003		14323.1		
	228.0		129.0		0.012		0.003		14271.4		
	228.0		130.0		0.012		0.003		14122.9		
	227.0		131.0		0.012		0.006		13897.125		
	227.0		132.0		0.012		0.007		13583.333333333334		
	227.0		133.0		0.012		0.007		13403.333333333334		
	227.0		134.0		0.012		0.007		13221.111111111111		
	227.0		135.0		0.012		0.007		13060.0		
	227.0		136.0		0.012		0.007		12903.333333333334		
	227.0		137.0		0.012		0.007		12723.333333333334		
	226.0		138.0		0.012		0.007		13220.0		
	226.0		139.0		0.012		0.007		13245.555555555555		
	226.0		140.0		0.012		0.007		13296.666666666666		
	225.0		141.0		0.012		0.007		13804.444444444445		
	225.0		142.0		0.012		0.007		13956.666666666666		
	225.0		143.0		0.012		0.007		13964.444444444445		
	224.0		144.0		0.012		0.009		14402.25		
	224.0		145.0		0.012		0.009		14362.7		
	224.0		146.0		0.012		0.009		14730.1		
	223.0		147.0		0.012		0.009		15442.9		
	223.0		148.0		0.012		0.009		16139.2		
	223.0		149.0		0.012		0.009		16617.7		
	222.0		150.0		0.012		0.009		16812.4		
	222.0		151.0		0.012		0.009		16727.7		
	221.0		152.0		0.012		0.009		15706.9		
	221.0		153.0		0.012		0.009		14832.4		
	220.0		154.0		0.012		0.009		13660.9		
	220.0		155.0		0.012		0.009		12884.3		
	219.0		156.0		0.012		0.009		12807.3		
	218.0		157.0		0.012		0.009		13015.2		
	218.0		158.0		0.012		0.009		13053.7		
	218.0		159.0		0.012		0.009		12910.7		
	217.0		160.0		0.012		0.009		13471.7		
	216.0		161.0		0.012		0.009		13692.8		
	216.0		162.0		0.012		0.009		13477.2		
	215.0		163.0		0.012		0.009		13838.0		
	214.0		164.0		0.012		0.009		14100.9		
	214.0		165.0		0.012		0.009		13856.7		
	213.0		166.0		0.012		0.009		13822.6		
	212.0		167.0		0.012		0.009		13563.0		
	212.0		168.0		0.012		0.009		13234.1		
	211.0		169.0		0.012		0.009		13367.2		
	210.0		170.0		0.012		0.009		13510.2		
	209.0		171.0		0.012		0.009		13439.8		
	209.0		172.0		0.012		0.009		13305.6		
	208.0		173.0		0.012		0.009		13062.5		
	207.0		174.0		0.012		0.009		12753.4		
	207.0		175.0		0.012		0.009		12394.8		
	206.0		176.0		0.012		0.009		12668.7		
	205.0		177.0		0.012		0.012		13546.666666666666		
	204.0		178.0		0.012		0.012		14378.1		
	203.0		179.0		0.012		0.012		15266.9		
	202.0		180.0		0.012		0.012		15822.4		
	201.0		181.0		0.012		0.012		15951.1		
	200.0		182.0		0.012		0.012		15670.6		
	199.0		183.0		0.012		0.012		15015.0		
	198.0		184.0		0.012		0.012		14220.8		
	197.0		185.0		0.012		0.012		13627.9		
	196.0		186.0		0.012		0.012		13346.3		
	195.0		187.0		0.012		0.012		13249.5		
	194.0		187.0		0.012		0.012		13136.2		
	193.0		188.0		0.012		0.012		13099.9		
	192.0		189.0		0.012		0.012		13402.125		
	191.0		190.0		0.012		0.012		13113.1		
	190.0		191.0		0.012		0.012		13058.1		
	189.0		191.0		0.012		0.012		12668.7		
	188.0		192.0		0.012		0.012		12738.0		
	187.0		193.0		0.012		0.012		12827.1		
	186.0		193.0		0.012		0.012		12450.9		
	185.0		194.0		0.012		0.012		12533.4		
	184.0		195.0		0.012		0.012		12380.5		
	183.0		195.0		0.012		0.012		12118.7		
	182.0		196.0		0.012		0.012		12228.7		
	181.0		197.0		0.012		0.012		12526.8		
	180.0		197.0		0.012		0.012		13052.6		
	179.0		198.0		0.012		0.012		13768.7		
	178.0		199.0		0.012		0.012		14328.6		
	177.0		199.0		0.012		0.012		14865.4		
	176.0		200.0		0.012		0.012		15051.3		
	175.0		200.0		0.012		0.012		15100.8		
	174.0		201.0		0.012		0.012		15089.8		
	173.0		202.0		0.012		0.012		15136.0		
	172.0		202.0		0.012		0.012		15717.9		
	171.0		203.0		0.012		0.012		16546.5		
	170.0		203.0		0.012		0.012		16793.333333333332		
	169.0		203.0		0.012		0.012		16711.11111111111		
	168.0		204.0		0.012		0.012		16370.0		
	167.0		204.0		0.012		0.012		15853.333333333334		
	166.0		204.0		0.012		0.012		15091.111111111111		
	165.0		205.0		0.012		0.012		14111.111111111111		
	164.0		205.0		0.012		0.012		13650.0		
	163.0		205.0		0.012		0.012		13400.0		
	162.0		205.0		0.012		0.012		13288.888888888889		
	161.0		206.0		0.012		0.012		13224.444444444445		
	160.0		206.0		0.012		0.012		13193.333333333334		
	159.0		206.0		0.012		0.012		12991.111111111111		
	158.0		206.0		0.012		0.012		12866.625		
	157.0		207.0		0.012		0.012		12908.5		
	156.0		207.0		0.012		0.012		12909.6		
	155.0		207.0		0.012		0.012		12728.1		
	154.0		208.0		0.012		0.012		12833.7		
	153.0		208.0		0.012		0.012		12384.9		
	152.0		208.0		0.012		0.012		11915.2		
	151.0		208.0		0.012		0.012		11573.1		
	150.0		208.0		0.012		0.012		11400.4		
	149.0		209.0		0.012		0.012		11726.0		
	148.0		209.0		0.012		0.012		11735.9		
	147.0		209.0		0.012		0.012		11661.1		
	136.0		28.0		0.013		-0.013		9949.5		
	137.0		29.0		0.013		-0.013		9321.4		
	138.0		28.0		0.013		-0.013		10219.0		
	139.0		28.0		0.013		-0.013		10247.6		
	140.0		28.0		0.013		-0.013		10220.1		
	141.0		28.0		0.013		-0.013		10191.5		
	142.0		28.0		0.013		-0.013		10193.7		
	143.0		28.0		0.013		-0.013		10191.5		
	144.0		28.0		0.013		-0.013		10129.9		
	145.0		28.0		0.013		-0.013		9995.7		
	146.0		28.0		0.013		-0.013		9814.2		
	147.0		28.0		0.013		-0.013		9612.9		
	148.0		28.0		0.013		-0.013		9397.3		
	149.0		28.0		0.013		-0.013		9183.9		
	150.0		28.0		0.013		-0.013		9013.4		
	151.0		28.0		0.013		-0.013		8928.7		
	152.0		28.0		0.013		-0.013		8950.7		
	153.0		28.0		0.013		-0.013		9078.3		
	154.0		29.0		0.013		-0.013		8622.9		
	155.0		29.0		0.013		-0.013		8966.1		
	156.0		28.0		0.013		-0.013		10173.375		
	157.0		28.0		0.013		-0.013		10224.5		
	158.0		29.0		0.013		-0.013		9904.4		
	159.0		28.0		0.013		-0.013		10506.1		
	160.0		29.0		0.013		-0.013		10322.4		
	161.0		29.0		0.013		-0.013		10626.0		
	162.0		29.0		0.013		-0.013		10987.9		
	163.0		29.0		0.013		-0.013		11354.2		
	164.0		29.0		0.013		-0.013		11673.2		
	165.0		29.0		0.013		-0.013		11909.7		
	166.0		29.0		0.013		-0.013		12031.8		
	167.0		30.0		0.013		-0.013		11916.3		
	168.0		30.0		0.013		-0.013		12198.888888888889		
	169.0		30.0		0.013		-0.013		12073.6		
	170.0		30.0		0.013		-0.013		11948.2		
	171.0		31.0		0.013		-0.013		12076.9		
	172.0		31.0		0.013		-0.013		12288.1		
	173.0		31.0		0.013		-0.013		12467.4		
	174.0		32.0		0.013		-0.013		13041.6		
	175.0		32.0		0.013		-0.013		13059.2		
	176.0		33.0		0.013		-0.013		13073.5		
	177.0		33.0		0.013		-0.013		12756.7		
	178.0		34.0		0.013		-0.013		12728.1		
	179.0		34.0		0.013		-0.013		12552.1		
	180.0		35.0		0.013		-0.013		12885.4		
	181.0		35.0		0.013		-0.013		12866.7		
	182.0		36.0		0.013		-0.013		13495.9		
	183.0		36.0		0.013		-0.013		13642.2		
	184.0		37.0		0.013		-0.013		14252.7		
	185.0		37.0		0.013		-0.013		13986.5		
	186.0		38.0		0.013		-0.013		13901.8		
	187.0		39.0		0.013		-0.013		13761.0		
	188.0		40.0		0.013		-0.013		13975.5		
	189.0		40.0		0.013		-0.013		13904.0		
	190.0		41.0		0.013		-0.013		14056.9		
	191.0		42.0		0.013		-0.013		13758.8		
	192.0		43.0		0.013		-0.013		13459.6		
	193.0		43.0		0.013		-0.013		13131.8		
	194.0		44.0		0.013		-0.013		13220.9		
	195.0		45.0		0.013		-0.013		13208.8		
	196.0		46.0		0.013		-0.013		13218.7		
	197.0		47.0		0.013		-0.013		13218.7		
	198.0		48.0		0.013		-0.013		13004.2		
	199.0		49.0		0.013		-0.013		12606.0		
	200.0		50.0		0.013		-0.013		12247.4		
	201.0		51.0		0.013		-0.013		12027.4		
	202.0		52.0		0.013		-0.013		12144.375		
	203.0		53.0		0.013		-0.013		11866.666666666666		
	204.0		54.0		0.013		-0.013		11808.888888888889		
	205.0		55.0		0.013		-0.013		11827.777777777777		
	206.0		55.0		0.013		-0.013		11905.555555555555		
	206.0		56.0		0.013		-0.013		11855.555555555555		
	207.0		57.0		0.013		-0.013		11812.222222222223		
	208.0		58.0		0.013		-0.013		11648.888888888889		
	209.0		59.0		0.013		-0.013		11402.222222222223		
	210.0		60.0		0.013		-0.013		11288.888888888889		
	211.0		61.0		0.013		-0.013		11470.0		
	212.0		62.0		0.013		-0.013		11880.0		
	212.0		63.0		0.013		-0.013		12063.333333333334		
	213.0		64.0		0.013		-0.013		12872.25		
	214.0		65.0		0.013		-0.008		13031.7		
	215.0		66.0		0.013		-0.008		13088.9		
	216.0		67.0		0.013		-0.008		12799.6		
	216.0		68.0		0.013		-0.008		12865.6		
	217.0		69.0		0.013		-0.008		12672.0		
	217.0		70.0		0.013		-0.008		12686.3		
	218.0		71.0		0.013		-0.008		12520.2		
	218.0		72.0		0.013		-0.008		12435.5		
	219.0		73.0		0.013		-0.008		12328.8		
	220.0		74.0		0.013		-0.008		12172.6		
	220.0		75.0		0.013		-0.008		12695.1		
	220.0		76.0		0.013		-0.008		13093.3		
	221.0		77.0		0.013		-0.008		13613.6		
	221.0		78.0		0.013		-0.008		13780.8		
	222.0		79.0		0.013		-0.008		13641.1		
	222.0		80.0		0.013		-0.008		13330.9		
	223.0		81.0		0.013		-0.008		12823.8		
	223.0		82.0		0.013		-0.008		12805.1		
	224.0		83.0		0.013		-0.008		12729.2		
	224.0		84.0		0.013		-0.008		13382.6		
	224.0		85.0		0.013		-0.007		14329.125		
	225.0		86.0		0.012		-0.004		14422.1		
	225.0		87.0		0.012		-0.004		14820.3		
	225.0		88.0		0.012		-0.004		14769.7		
	226.0		89.0		0.012		-0.004		14179.0		
	226.0		90.0		0.012		-0.004		13866.6		
	226.0		91.0		0.012		-0.004		13490.4		
	227.0		92.0		0.012		-0.004		13187.9		
	227.0		93.0		0.012		-0.004		13464.0		
	227.0		94.0		0.012		-0.004		13858.9		
	227.0		95.0		0.012		-0.004		14262.6		
	227.0		96.0		0.012		-0.004		14559.6		
	228.0		97.0		0.012		-0.003		15121.111111111111		
	228.0		98.0		0.012		-0.002		15045.8		
	228.0		99.0		0.012		-0.002		14810.4		
	229.0		100.0		0.012		-0.002		14017.3		
	228.0		101.0		0.012		-0.002		13702.7		
	229.0		102.0		0.012		-0.002		13055.9		
	228.0		103.0		0.012		-0.002		12811.7		
	229.0		104.0		0.012		-0.002		12647.8		
	229.0		105.0		0.012		-0.002		12643.4		
	229.0		106.0		0.012		-0.002		12753.4		
	230.0		107.0		0.012		-0.002		12267.2		
	230.0		108.0		0.012		-0.002		12658.8		
	229.0		109.0		0.012		-0.002		13555.3		
	145.0		209.0		0.013		0.013		11447.7		
	144.0		210.0		0.013		0.013		11756.8		
	143.0		210.0		0.013		0.013		12068.1		
	142.0		210.0		0.013		0.013		12492.7		
	141.0		210.0		0.013		0.013		13025.1		
	140.0		210.0		0.013		0.013		13583.9		
	139.0		210.0		0.013		0.013		14010.7		
	138.0		211.0		0.013		0.013		14575.0		
	137.0		210.0		0.013		0.013		13985.4		
	136.0		211.0		0.013		0.013		14092.1		
	135.0		210.0		0.013		0.013		13119.7		
	134.0		211.0		0.013		0.013		13140.6		
	133.0		210.0		0.013		0.013		12626.9		
	132.0		211.0		0.013		0.013		12885.4		
	131.0		211.0		0.013		0.013		12761.1		
	130.0		210.0		0.013		0.013		12217.7		
	129.0		210.0		0.013		0.013		11949.3		
	128.0		210.0		0.013		0.013		11809.6		
	127.0		210.0		0.013		0.013		11929.5		
	126.0		210.0		0.013		0.013		12309.0		
	125.0		211.0		0.013		0.013		13141.111111111111		
	124.0		210.0		0.013		0.013		13214.3		
	123.0		210.0		0.013		0.013		13401.3		
	122.0		210.0		0.013		0.013		13338.6		
	121.0		210.0		0.013		0.013		13096.6		
	120.0		210.0		0.013		0.013		12795.2		
	119.0		209.0		0.013		0.013		12208.9		
	118.0		209.0		0.013		0.013		12285.9		
	117.0		209.0		0.013		0.013		12450.9		
	116.0		209.0		0.013		0.013		12576.3		
	115.0		208.0		0.013		0.013		12034.0		
	114.0		208.0		0.013		0.013		11988.9		
	113.0		208.0		0.013		0.013		11847.0		
	112.0		208.0		0.013		0.013		12036.375		
	111.0		207.0		0.013		0.013		11390.5		
	110.0		207.0		0.013		0.013		11778.8		
	109.0		207.0		0.013		0.013		12336.5		
	108.0		206.0		0.013		0.013		11798.6		
	107.0		206.0		0.013		0.013		12236.4		
	106.0		206.0		0.013		0.013		12392.6		
	105.0		205.0		0.013		0.013		11368.5		
	104.0		205.0		0.013		0.013		11479.6		
	103.0		204.0		0.013		0.013		10723.9		
	102.0		204.0		0.013		0.013		11073.7		
	101.0		203.0		0.013		0.013		10532.5		
	100.0		202.0		0.013		0.013		10084.8		
	99.0		202.0		0.013		0.013		10706.3		
	98.0		201.0		0.013		0.013		10276.2		
	97.0		201.0		0.013		0.013		10841.6		
	96.0		200.0		0.013		0.013		10291.6		
	95.0		199.0		0.013		0.013		9765.8		
	94.0		199.0		0.013		0.013		10547.9		
	93.0		198.0		0.013		0.013		10120.0		
	92.0		198.0		0.013		0.013		11040.7		
	91.0		197.0		0.013		0.013		10586.4		
	90.0		197.0		0.013		0.013		11465.3		
	89.0		196.0		0.013		0.013		10827.3		
	88.0		195.0		0.013		0.013		10252.0		
	87.0		195.0		0.013		0.013		11107.8		
	86.0		194.0		0.013		0.013		10794.3		
	85.0		193.0		0.013		0.013		10651.3		
	84.0		192.0		0.013		0.013		10644.7		
	83.0		191.0		0.013		0.013		10662.3		
	82.0		191.0		0.013		0.013		11792.0		
	81.0		190.0		0.013		0.013		11679.8		
	80.0		189.0		0.013		0.013		11443.3		
	79.0		188.0		0.013		0.013		11073.7		
	78.0		187.0		0.013		0.013		10808.888888888889		
	77.0		186.0		0.013		0.013		10409.454545454546		
	76.0		185.0		0.013		0.013		10432.363636363636		
	75.0		184.0		0.013		0.013		10587.272727272728		
	74.0		183.0		0.013		0.013		10791.272727272728		
	73.0		183.0		0.013		0.013		11643.272727272728		
	73.0		182.0		0.013		0.013		11020.363636363636		
	72.0		181.0		0.013		0.013		11206.90909090909		
	71.0		181.0		0.013		0.013		12145.09090909091		
	70.0		180.0		0.013		0.013		12212.727272727272		
	70.0		179.0		0.013		0.013		11335.636363636364		
	69.0		178.0		0.013		0.013		11283.272727272728		
	68.0		177.0		0.013		0.013		11457.777777777777		
	67.0		176.0		0.013		0.011		11545.6		
	66.0		175.0		0.013		0.011		12108.8		
	65.0		174.0		0.013		0.011		12897.5		
	64.0		173.0		0.013		0.011		13625.7		
	63.0		172.0		0.013		0.011		14060.2		
	63.0		171.0		0.013		0.011		13933.7		
	62.0		170.0		0.013		0.011		14239.5		
	62.0		169.0		0.013		0.011		13972.2		
	61.0		168.0		0.013		0.011		14208.7		
	60.0		167.0		0.013		0.011		14072.3		
	60.0		166.0		0.013		0.011		13787.4		
	59.0		165.0		0.013		0.011		13664.2		
	59.0		164.0		0.013		0.011		13513.5		
	59.0		163.0		0.013		0.011		13244.0		
	58.0		162.0		0.013		0.011		13389.2		
	58.0		161.0		0.013		0.011		13285.8		
	57.0		160.0		0.013		0.011		13490.4		
	57.0		159.0		0.013		0.011		13571.8		
	57.0		158.0		0.013		0.011		13475.0		
	56.0		157.0		0.013		0.011		14059.1		
	56.0		156.0		0.013		0.011		13962.222222222223		
	56.0		155.0		0.013		0.009		13305.6		
	56.0		154.0		0.013		0.009		12639.0		
	55.0		153.0		0.013		0.009		12746.8		
	55.0		152.0		0.013		0.009		12354.1		
	55.0		151.0		0.013		0.009		12100.0		
	55.0		150.0		0.013		0.009		11915.2		
	54.0		149.0		0.013		0.009		12274.9		
	54.0		148.0		0.013		0.009		12207.8		
	54.0		147.0		0.013		0.009		12111.0		
	54.0		146.0		0.013		0.009		11983.4		
	54.0		145.0		0.013		0.009		11805.2		
	54.0		144.0		0.013		0.009		11588.5		
	53.0		143.0		0.013		0.008		12361.5		
	53.0		142.0		0.012		0.004		12060.4		
	53.0		141.0		0.012		0.004		12104.4		
	53.0		140.0		0.012		0.004		12144.0		
	53.0		139.0		0.012		0.004		12103.3		
	53.0		138.0		0.012		0.004		11966.9		
	53.0		137.0		0.012		0.004		11788.7		
	53.0		136.0		0.012		0.004		11640.2		
	53.0		135.0		0.012		0.004		11546.7		
	53.0		134.0		0.012		0.004		11474.1		
	53.0		133.0		0.012		0.004		11391.6		
	53.0		132.0		0.012		0.004		11309.1		
	229.0		111.0		0.012		0.003		13795.1		
	230.0		112.0		0.012		0.003		13432.1		
	229.0		113.0		0.012		0.003		13821.5		
	230.0		114.0		0.012		0.003		13525.6		
	230.0		115.0		0.012		0.003		13590.5		
	229.0		116.0		0.012		0.003		13960.1		
	229.0		117.0		0.012		0.003		14027.2		
	229.0		118.0		0.012		0.003		14089.9		
	229.0		119.0		0.012		0.003		14177.9		
	229.0		120.0		0.012		0.003		14292.3		
	229.0		121.0		0.012		0.003		14379.2		
	229.0		122.0		0.012		0.003		14379.2		
	229.0		123.0		0.012		0.003		14280.2		
	228.0		124.0		0.012		0.003		14345.1		
	229.0		125.0		0.012		0.003		13977.7		
	228.0		126.0		0.012		0.003		14293.4		
	229.0		127.0		0.012		0.003		13827.0		
	228.0		128.0		0.012		0.003		14323.1		
	228.0		129.0		0.012		0.003		14271.4		
	228.0		130.0		0.012		0.003		14122.9		
	227.0		131.0		0.012		0.006		13897.125		
	227.0		132.0		0.012		0.007		13583.333333333334		
	227.0		133.0		0.012		0.007		13403.333333333334		
	227.0		134.0		0.012		0.007		13221.111111111111		
	227.0		135.0		0.012		0.007		13060.0		
	227.0		136.0		0.012		0.007		12903.333333333334		
	227.0		137.0		0.012		0.007		12723.333333333334		
	226.0		138.0		0.012		0.007		13220.0		
	226.0		139.0		0.012		0.007		13245.555555555555		
	226.0		140.0		0.012		0.007		13296.666666666666		
	225.0		141.0		0.012		0.007		13804.444444444445		
	225.0		142.0		0.012		0.007		13956.666666666666		
	225.0		143.0		0.012		0.007		13964.444444444445		
	224.0		144.0		0.012		0.009		14402.25		
	224.0		145.0		0.012		0.009		14362.7		
	224.0		146.0		0.012		0.009		14730.1		
	223.0		147.0		0.012		0.009		15442.9		
	223.0		148.0		0.012		0.009		16139.2		
	223.0		149.0		0.012		0.009		16617.7		
	222.0		150.0		0.012		0.009		16812.4		
	222.0		151.0		0.012		0.009		16727.7		
	221.0		152.0		0.012		0.009		15706.9		
	221.0		153.0		0.012		0.009		14832.4		
	220.0		154.0		0.012		0.009		13660.9		
	220.0		155.0		0.012		0.009		12884.3		
	219.0		156.0		0.012		0.009		12807.3		
	218.0		157.0		0.012		0.009		13015.2		
	218.0		158.0		0.012		0.009		13053.7		
	218.0		159.0		0.012		0.009		12910.7		
	217.0		160.0		0.012		0.009		13471.7		
	216.0		161.0		0.012		0.009		13692.8		
	216.0		162.0		0.012		0.009		13477.2		
	215.0		163.0		0.012		0.009		13838.0		
	214.0		164.0		0.012		0.009		14100.9		
	214.0		165.0		0.012		0.009		13856.7		
	213.0		166.0		0.012		0.009		13822.6		
	212.0		167.0		0.012		0.009		13563.0		
	212.0		168.0		0.012		0.009		13234.1		
	211.0		169.0		0.012		0.009		13367.2		
	210.0		170.0		0.012		0.009		13510.2		
	209.0		171.0		0.012		0.009		13439.8		
	209.0		172.0		0.012		0.009		13305.6		
	208.0		173.0		0.012		0.009		13062.5		
	207.0		174.0		0.012		0.009		12753.4		
	207.0		175.0		0.012		0.009		12394.8		
	206.0		176.0		0.012		0.009		12668.7		
	205.0		177.0		0.012		0.012		13546.666666666666		
	204.0		178.0		0.012		0.012		14378.1		
	203.0		179.0		0.012		0.012		15266.9		
	202.0		180.0		0.012		0.012		15822.4		
	201.0		181.0		0.012		0.012		15951.1		
	200.0		182.0		0.012		0.012		15670.6		
	199.0		183.0		0.012		0.012		15015.0		
	198.0		184.0		0.012		0.012		14220.8		
	197.0		185.0		0.012		0.012		13627.9		
	196.0		186.0		0.012		0.012		13346.3		
	195.0		187.0		0.012		0.012		13249.5		
	194.0		187.0		0.012		0.012		13136.2		
	193.0		188.0		0.012		0.012		13099.9		
	192.0		189.0		0.012		0.012		13402.125		
	191.0		190.0		0.012		0.012		13113.1		
	190.0		191.0		0.012		0.012		13058.1		
	189.0		191.0		0.012		0.012		12668.7		
	188.0		192.0		0.012		0.012		12738.0		
	187.0		193.0		0.012		0.012		12827.1		
	186.0		193.0		0.012		0.012		12450.9		
	185.0		194.0		0.012		0.012		12533.4		
	184.0		195.0		0.012		0.012		12380.5		
	183.0		195.0		0.012		0.012		12118.7		
	182.0		196.0		0.012		0.012		12228.7		
	181.0		197.0		0.012		0.012		12526.8		
	180.0		197.0		0.012		0.012		13052.6		
	179.0		198.0		0.012		0.012		13768.7		
	178.0		199.0		0.012		0.012		14328.6		
	177.0		199.0		0.012		0.012		14865.4		
	176.0		200.0		0.012		0.012		15051.3		
	175.0		200.0		0.012		0.012		15100.8		
	174.0		201.0		0.012		0.012		15089.8		
	173.0		202.0		0.012		0.012		15136.0		
	172.0		202.0		0.012		0.012		15717.9		
	171.0		203.0		0.012		0.012		16546.5		
	170.0		203.0		0.012		0.012		16793.333333333332		
	169.0		203.0		0.012		0.012		16711.11111111111		
	168.0		204.0		0.012		0.012		16370.0		
	167.0		204.0		0.012		0.012		15853.333333333334		
	166.0		204.0		0.012		0.012		15091.111111111111		
	165.0		205.0		0.012		0.012		14111.111111111111		
	164.0		205.0		0.012		0.012		13650.0		
	163.0		205.0		0.012		0.012		13400.0		
	162.0		205.0		0.012		0.012		13288.888888888889		
	161.0		206.0		0.012		0.012		13224.444444444445		
	160.0		206.0		0.012		0.012		13193.333333333334		
	159.0		206.0		0.012		0.012		12991.111111111111		
	158.0		206.0		0.012		0.012		12866.625		
	157.0		207.0		0.012		0.012		12908.5		
	156.0		207.0		0.012		0.012		12909.6		
	155.0		207.0		0.012		0.012		12728.1		
	154.0		208.0		0.012		0.012		12833.7		
	153.0		208.0		0.012		0.012		12384.9		
	152.0		208.0		0.012		0.012		11915.2		
	151.0		208.0		0.012		0.012		11573.1		
	150.0		208.0		0.012		0.012		11400.4		
	149.0		209.0		0.012		0.012		11726.0		
	148.0		209.0		0.012		0.012		11735.9		
	147.0		209.0		0.012		0.012		11661.1		
	53.0		130.0		0.012		-0		11371.8		
	53.0		129.0		0.012		-0		11613.8		
	53.0		128.0		0.012		-0		11973.5		
	53.0		127.0		0.012		-0		12337.6		
	53.0		126.0		0.012		-0		12563.1		
	53.0		125.0		0.012		-0		12567.5		
	53.0		124.0		0.012		-0		12382.7		
	53.0		123.0		0.012		-0		12111.0		
	53.0		122.0		0.012		-0		11851.4		
	53.0		121.0		0.012		-0		11658.9		
	53.0		120.0		0.012		-0		11558.8		
	53.0		119.0		0.012		-0		11548.9		
	53.0		118.0		0.012		-0		11601.7		
	53.0		117.0		0.012		-0		11679.8		
	54.0		116.0		0.012		-0		11421.3		
	54.0		115.0		0.012		-0		11589.6		
	54.0		114.0		0.012		-0		11678.7		
	54.0		113.0		0.012		-0		11643.5		
	54.0		112.0		0.012		-0		11487.3		
	54.0		111.0		0.012		-0		11266.2		
	55.0		110.0		0.012		-0		10699.7		
	55.0		109.0		0.012		-0.002		10813.333333333334		
	55.0		108.0		0.012		-0.003		10723.636363636364		
	55.0		107.0		0.012		-0.003		10893.818181818182		
	55.0		106.0		0.012		-0.003		11059.636363636364		
	55.0		105.0		0.012		-0.003		11174.181818181818		
	56.0		104.0		0.012		-0.003		10985.454545454546		
	56.0		103.0		0.012		-0.003		11117.454545454546		
	56.0		102.0		0.012		-0.003		11180.727272727272		
	56.0		101.0		0.012		-0.003		11174.181818181818		
	57.0		100.0		0.012		-0.003		10726.90909090909		
	57.0		99.0		0.012		-0.003		10801.09090909091		
	57.0		98.0		0.012		-0.003		10852.363636363636		
	58.0		97.0		0.011		-0.007		10730.0		
	58.0		96.0		0.011		-0.007		10936.2		
	58.0		95.0		0.011		-0.007		11309.1		
	58.0		94.0		0.011		-0.007		11680.9		
	59.0		93.0		0.011		-0.007		11948.2		
	59.0		92.0		0.011		-0.007		12177.0		
	59.0		91.0		0.011		-0.007		12163.8		
	60.0		90.0		0.011		-0.007		11930.6		
	60.0		89.0		0.011		-0.007		11935.0		
	60.0		88.0		0.011		-0.007		11919.6		
	61.0		87.0		0.011		-0.007		11662.2		
	61.0		86.0		0.011		-0.007		11687.5		
	62.0		85.0		0.011		-0.007		11075.9		
	63.0		84.0		0.011		-0.007		10364.2		
	63.0		83.0		0.011		-0.007		10454.4		
	64.0		82.0		0.011		-0.007		10302.6		
	64.0		81.0		0.011		-0.007		10599.6		
	65.0		80.0		0.011		-0.007		10542.4		
	65.0		79.0		0.011		-0.007		10737.1		
	65.0		78.0		0.011		-0.007		10802.0		
	66.0		77.0		0.011		-0.007		10397.2		
	67.0		76.0		0.011		-0.007		9996.8		
	67.0		75.0		0.011		-0.007		10393.9		
	68.0		74.0		0.011		-0.007		10780.0		
	68.0		73.0		0.011		-0.007		11718.3		
	68.0		72.0		0.011		-0.007		12591.7		
	69.0		71.0		0.011		-0.007		14075.6		
	70.0		70.0		0.011		-0.007		14889.6		
	70.0		69.0		0.011		-0.007		15196.5		
	71.0		68.0		0.011		-0.007		14594.8		
	71.0		67.0		0.011		-0.007		14228.5		
	72.0		66.0		0.011		-0.007		13315.5		
	73.0		65.0		0.011		-0.007		12617.0		
	74.0		64.0		0.011		-0.007		12206.7		
	75.0		63.0		0.011		-0.011		12246.75		
	76.0		62.0		0.012		-0.012		11841.5		
	77.0		61.0		0.012		-0.012		11701.8		
	78.0		60.0		0.012		-0.012		11453.2		
	79.0		59.0		0.012		-0.012		11251.9		
	80.0		58.0		0.012		-0.012		11355.3		
	81.0		57.0		0.012		-0.012		11632.5		
	82.0		56.0		0.012		-0.012		11596.2		
	83.0		55.0		0.012		-0.012		11009.9		
	84.0		55.0		0.012		-0.012		10160.7		
	85.0		54.0		0.012		-0.012		9612.9		
	86.0		53.0		0.012		-0.012		9432.5		
	87.0		52.0		0.012		-0.012		9578.888888888889		
	88.0		51.0		0.012		-0.012		9494.1		
	89.0		50.0		0.012		-0.012		9363.2		
	90.0		49.0		0.012		-0.012		9222.4		
	91.0		48.0		0.012		-0.012		9199.3		
	92.0		48.0		0.012		-0.012		9054.1		
	93.0		47.0		0.012		-0.012		9163.0		
	94.0		46.0		0.012		-0.012		9164.1		
	95.0		45.0		0.012		-0.012		9215.8		
	96.0		45.0		0.012		-0.012		9191.6		
	97.0		44.0		0.012		-0.012		9552.4		
	98.0		43.0		0.012		-0.012		9904.4		
	99.0		43.0		0.012		-0.012		9669.0		
	100.0		42.0		0.012		-0.012		9750.4		
	101.0		41.0		0.012		-0.012		9743.8		
	102.0		41.0		0.012		-0.012		9490.8		
	103.0		40.0		0.012		-0.012		9779.0		
	104.0		40.0		0.012		-0.012		9644.8		
	105.0		39.0		0.012		-0.012		9977.0		
	106.0		38.0		0.012		-0.012		10210.2		
	107.0		38.0		0.012		-0.012		10082.6		
	108.0		37.0		0.012		-0.012		10316.9		
	109.0		37.0		0.012		-0.012		10262.222222222223		
	110.0		36.0		0.012		-0.012		10275.272727272728		
	111.0		36.0		0.012		-0.012		10097.454545454546		
	112.0		36.0		0.012		-0.012		9812.727272727272		
	113.0		35.0		0.012		-0.012		10065.818181818182		
	114.0		35.0		0.012		-0.012		9810.545454545454		
	115.0		34.0		0.012		-0.012		9998.181818181818		
	116.0		34.0		0.012		-0.012		9788.727272727272		
	117.0		34.0		0.012		-0.012		9523.636363636364		
	118.0		33.0		0.012		-0.012		9545.454545454546		
	119.0		33.0		0.012		-0.012		9376.363636363636		
	120.0		33.0		0.012		-0.012		9186.545454545454		
	121.0		32.0		0.013		-0.013		9468.888888888889		
	122.0		32.0		0.013		-0.013		9308.2		
	123.0		32.0		0.013		-0.013		9220.2		
	124.0		31.0		0.013		-0.013		9607.4		
	125.0		31.0		0.013		-0.013		9742.7		
	126.0		31.0		0.013		-0.013		9836.2		
	127.0		31.0		0.013		-0.013		9841.7		
	128.0		30.0		0.013		-0.013		10472.0		
	129.0		30.0		0.013		-0.013		10275.1		
	130.0		30.0		0.013		-0.013		9935.2		
	131.0		30.0		0.013		-0.013		9486.4		
	132.0		30.0		0.013		-0.013		9018.9		
